+ Polyallylamine +0.03 +0.71 +0.59 +0.13 +0.24 +0.04 +0.08 +0.16 +0.35
(0.01) (020) (031) (0.16) (0.19) (004) [ (0.09) (0.03) (0.20)
Poly(4-vinylpyridine)| ~ =0.31 +0.16 +0.47 +0.47 +0.39 +0.12 +1.42 +0.28 +2.12
(0.08) (0.04) (0.12) (039) (0.08) ©04) [ (020) (0.16) (0.51)
E | [Polypyridine -0.03 -0.29 +0.02 +0.03 +0.08 +0.07 | +0.10 +0.85 +0.10
5 (0.08) (0.18) (0.02) (0.01) (0.09) ©08) | (0.16) (051) (0.15)
=
S || poly(vinyl acetate) -0.51 -0.39 -0.15 +0.08 +0.35 +0.16 | +047 +0.35 +0.79
3 (0.39) (0.08) (0.04) (0.02) (0.27) ©08) [ (010) (0.17) (0.28)
©
3
5 || poly(inyl alcohol) -0.18 m -0.01 -0.04 - +0.04 +0.04 | +0.04 +0.14 +0.71
2> (0.51) (0.00) (0.00) (0.04) (0.02) (0.02) (0.10) (0.28)
[
<
[}
2 || Polyacrylonitrile -0.90 -0.59 -0.04 -0.67 -1.73 +0.04 | +0.35 +0.47 +1.77
) (0.88) (0.08) (0.02) (0.20) (0.24) ©02) | (012 (0.12) (0.59)
©
£
© Polyaniine -0.08 -0.08 -0.01 -0.04 -0.08 -0.08 +0.08 +0.20 +0.08
(0.04) (0.04) (0.01) (0.02) (0.04) (0.04) (0.02) (0.08) (0.04)
-4.48 -2.16 -0.18 -1.14 -4.68 -0.51 -2.04 +0.71 +0.75
-
. " -0.43 -0.16 -0.01 -0.05 -0.08 =012, -0.08 -0.12 +0.16
-
o -0.24 -2.75 -0.44 -0.94 -1.02 -2.24 52128 -1.25 -0.83
- -
